vowels1.wav,350.8019191720399,2392.458026718924,3176.2482817260525
vowels2.wav,414.0435669766363,2326.744711892039,2789.9264368547833
vowels3.wav,695.0994847188367,1947.9176952833893,2767.022788286058
vowels4.wav,899.6063897979942,1487.1476177249192,2256.217774397348
vowels5.wav,712.2262224601923,1114.3284937771507,3041.5884536222766
vowels6.wav,538.7801611713594,807.3629883091062,2984.5846557282744
vowels7.wav,366.2102174975679,750.6884942455652,2881.650302041596
vowels8.wav,374.07294997177735,1031.9351450795045,2897.4147751841438
vowels1.wav,350.8019191720399,2392.458026718924,3176.2482817260525
vowels2.wav,414.0435669766363,2326.744711892039,2789.9264368547833
vowels3.wav,695.0994847188367,1947.9176952833893,2767.022788286058
vowels4.wav,899.6063897979942,1487.1476177249192,2256.217774397348
vowels5.wav,712.2262224601923,1114.3284937771507,3041.5884536222766
vowels6.wav,538.7801611713594,807.3629883091062,2984.5846557282744
vowels7.wav,366.2102174975679,750.6884942455652,2881.650302041596
vowels8.wav,374.07294997177735,1031.9351450795045,2897.4147751841438
vowels1.wav,350.8019191720399,2392.458026718924,3176.2482817260525
vowels2.wav,414.0435669766363,2326.744711892039,2789.9264368547833
vowels3.wav,695.0994847188367,1947.9176952833893,2767.022788286058
vowels4.wav,899.6063897979942,1487.1476177249192,2256.217774397348
vowels5.wav,712.2262224601923,1114.3284937771507,3041.5884536222766
vowels6.wav,538.7801611713594,807.3629883091062,2984.5846557282744
vowels7.wav,366.2102174975679,750.6884942455652,2881.650302041596
vowels8.wav,374.07294997177735,1031.9351450795045,2897.4147751841438
